1974
253 89 165 438 51 79 179 744 313 62 893 397 505 133 118 518 656 375 415 804 970 526 342 296 288 387 822 536 493 182 560 331 740 159 141 623 83 249 751 991 813 412 869 582 773 265
206 501 264 785 414 424 156 107 330 121 272 407 450 221 18 303 715 564 184 765 136 479 517 222 171 704 848 696 65 408 878 122
335 801 238 66 938 591 741 946 771 155 643 934 529 875 939 491 326 85 686 201 443 190 307 261 886 143 385 298 47 269 237 583 964 653 470 70 840 467 525 176 609 286 969 717 456 798 235 762
827 120 854 7 500 972 84 618 308 916 989 328 76 823 153 772 471 902 421 58 588 215 233 891 42 154 172 22 603 152 268 508 847 837 224 254 457 478 38 411 161 689 459 301 532 897 956 403 904 721 396 682 57 5 733 976 220 452 169 360 628 959 420 684 691 566 368 299 548 611 630 859 731
96 870 2 584 887 901 660 730 117 0 706 661 31 292 6 278 547 463 497 406 756 866 552 867 914 180 666 695 290 966 578 868 811 266 839 327 203 834 690 544 576 738 436 229 231 829 325 329 158 205 778 679 930 356 639 293 241 170 997 743 197 106 543 640 426 336 175 464 727 389 602 67
985 246 857 374 949 64 915 132 593 923 236 905 366 460 332 677 200 432 50 725 439 769
942 776 514 732 974 449 814 612 780 967 510 250 809 204 82 251 178 486 911 920 324 1 4 802 503 128 259 446 723 339 49 977 138 94 28 413 541 43 799 210 9 394 168 975 13 892 524 606 425 147 574 473 242 523
580 994 624 53 558 23 567 487 917 931 20 830 48 710 711 322 499 109 353 688 483 556 832 282 54 521 110 563 101 675 125 672 662 557 882 598 657 986 183 550 88 958 234 763 642 302 100 807 935 185 410 3 626 664
248 320 921 97 858 693 198 148 354 861 932 300 498 14 922 846 797 752 430 871 135 75 879 208 225 87 903 316 283 56 692 851 395 604 652 841 674 716 255 312 338 391 883 980 919 759
585 476 872 826 398 95 174 655 281 971 680 193 390 512 495 957 289 820 757 758 594 213 613 10 650 720 270 19 309 979 707 44 60 93 947 474 817 129 105 982 668 340 659 835 634 8 475 749 755 808 218 104 506 600 810 694 113 433 927 568 863 999 620 245 793 651 162 393 735 929 40 562 35 123 146 825 216 214
243 531 703 701 417 502 698 306 363 874 899 770 607 831 472 669 625 987 589 191 632 833 444 219 627 553 69 295 637 713 504 641 705 130 103 645 507 739 484 480 462 511 145 465 114 906 277 445 346 209 754 262 116 402 285 998 945 195 192 747 748 572 519 71 842 74 311 622 587 745 515 873 25 384 619 323 597 850 555 437 981 993 777 211 376
12 371 33 937 617 382 428 852 845 337 614 676 954 900 442 223 124 489 678 90 347 895 367 862 654 181 533 940 276 321 15 963 724 352 864 907 726 990 561 896 348 876 955 791 592 380 718 658 419 416 39 646 194 788 422 202 952 941 636 294 586 341 792 34
599 131 305 849 317 400 805 978 926 77 46 355 274 742 973 102 92 687 775 712 535 545 818 157 119 968 99 73 663 538 824 570 212 334 86 115 877 546 196 477 786 513 616 768 81 379 928 644 494 383 983 263 581 227 364 881 700 32 369 258 440 838 746 378 310 596 760 78 884 284 111 488
774 528 351 108 779 542 11 789 435 199 469 681 750 144 649 534 984 667 853 166 880 764 800 670 912 615 794 112 36 516 405 527 699 485 297 577 372 951 575 943 569 226 734 796 590 960 423 453 665 98 925 431 492 314 843 333 635 345 256 24 631 965 365 37 910 239 683 579 232 21 448 388 540 454 55 608 399 783 361 68 381 629 164 948 244 988 761
458 349 539 447 188 455 806 766 260 795 279 918 91 359 787 343 451 26 549 509 601 63 280 924 17 908 953 167 890 736 836 362 621 160 357 855 962 633 427 468
173 271 230 318 207 753 671 240 936 685 187 418 252 482 217 344 551 59 530 784 27 702 950 888 291 72 319 287 189 816 429 828 709 409 29 267 815 961 819 315 434 565 860 16 995 554 466 149 595 537 812 803 722 134 257 992
737 728 767 821 996 638 139 522 781 186 673 142 177 401 865 80 275 481 61 41 247 844 648 913 571 304 137 856 273 228 441 933 127 377 719 350 894 782 729 370 885 944 358 163 126 559 889 605 461 140 573 697 150 30 490 45 790 520 496 708 392 647 909 373 404 151 386 898 714 610 52