1000
17
570 -50 -553
682 971 -302
647 -229 -471
939 342 713
553 218 -252
28 860 916
680 -151 -398
-247 53 487
444 -161 590
-311 234 -225
389 -427 -235
177 -948 -891
364 -377 543
115 -143 -334
-765 3 617
-58 -302 695
-375 -146 -252
-621 275 -654
-418 194 -90
471 -652 -152
893 301 734
555 -971 -4
353 673 203
200 184 750
524 -387 -681
346 911 -617
-830 267 -587
-132 -652 -597
376 533 -93
-891 -350 -860
-244 388 275
979 420 -201
-972 -962 495
882 -566 538
536 -291 832
797 -305 784
386 -723 -940
406 -564 -397
73 561 -190
609 -542 626
636 -878 197
-830 473 -46
-42 279 264
305 517 -96
634 -436 608
-377 475 330
-455 -669 310
-635 -865 -276
236 491 833
601 170 -388
829 -884 -643
992 625 -1
-779 716 549
360 358 783
678 381 885
33 -588 -599
-992 34 728
175 -77 438
558 958 422
-298 -961 -707
974 -940 237
-297 372 280
833 459 299
-774 169 -284
533 -709 -797
-249 64 -369
-843 -824 -859
925 -86 -969
141 -823 138
-115 230 -548
-815 -370 -797
456 548 -843
-565 -202 -721
-534 -654 288
-284 544 -441
-915 -269 763
138 863 717
-295 -317 448
-308 -296 473
940 593 421
-612 934 -92
-867 -684 767
284 251 -437
982 898 92
-234 484 -151
-502 -425 -536
-492 -815 874
-542 413 795
227 497 474
769 962 837
544 -896 959
-782 711 -493
-295 -862 148
724 -175 309
660 338 222
151 -984 405
324 151 -227
-353 122 268
351 -380 -946
-412 -897 148
361 -54 657
504 226 680
-579 -296 288
-195 -158 -794
828 -602 -50
632 -483 7
468 63 -493
-273 -89 -151
-225 -760 -537
417 951 814
557 627 835
-522 -919 140
229 -903 -464
407 -545 875
-111 659 -403
-787 -363 171
-74 652 -801
399 91 -161
982 311 48
-401 -908 614
705 677 408
-296 -413 -97
-325 -217 673
483 -627 619
259 -925 642
906 572 689
-740 449 165
-626 474 612
519 350 -588
748 -488 521
-489 400 -876
-295 -355 194
917 -795 -574
967 898 -259
-354 -821 -685
-642 -14 939
-294 -240 219
-732 140 -65
506 425 -348
-779 544 -28
-542 223 471
959 965 698
-841 350 -101
-456 -297 -406
256 -955 -435
-213 428 -604
951 -484 -60
691 594 -555
-760 -148 868
-957 -248 -929
-406 505 325
-603 501 540
47 973 823
66 573 980
72 814 206
-774 -787 188
-247 -155 139
-173 -1000 430
352 -75 -899
579 587 -33
-390 328 -648
117 598 -281
373 -473 569
-934 757 439
448 -651 -790
972 948 2
729 -944 -169
-944 540 -914
447 561 -312
-483 775 811
830 -175 -125
290 79 254
-561 897 682
-54 -611 -605
681 -57 623
595 -62 -704
-594 -498 -659
-477 514 757
663 264 -393
849 193 87
799 -169 -220
434 -712 759
976 581 423
826 593 627
-571 82 535
457 606 275
-481 167 363
-383 -493 -689
-733 -20 -663
-224 -412 -969
-513 -754 -204
-368 266 -850
73 560 -409
759 -661 -138
189 -858 613
-936 735 -964
-986 -491 282
721 973 -518
-388 161 841
-35 -395 -327
962 -988 -641
-804 -560 -723
100 -825 982
802 623 -926
255 -17 -384
971 143 -777
-700 -313 -6
-217 -546 -784
-877 708 731
-656 823 -814
-13 463 -313
-602 283 -949
-515 -523 183
979 -496 826
395 -695 602
-417 416 758
538 -350 827
-253 -334 -714
450 -391 554
-675 921 -763
60 333 -52
-524 -29 -236
-196 25 -466
301 -131 411
452 836 313
-883 -332 890
92 -536 -116
-358 -244 524
-560 267 218
575 529 -579
-645 143 -775
1000 67 -994
16 -673 -276
-197 618 -289
331 683 764
-831 -382 39
443 -826 -573
-463 -960 -163
-971 -565 -570
368 -493 -745
-518 -106 -522
961 207 -411
521 355 120
139 125 -788
286 -186 -133
795 -735 65
748 -723 -436
-760 48 169
-819 -39 530
860 958 -165
215 992 -282
300 973 -361
-410 -353 -819
879 931 624
-37 262 32
-791 801 750
21 -826 -13
-382 -305 -117
-761 -784 471
630 121 -215
-837 3 -152
-871 -654 -155
-488 191 -736
-511 -510 368
-736 -315 92
831 582 -227
573 -261 -253
-758 -177 -630
-421 658 931
-749 -856 -435
510 -227 -181
-591 -102 -932
-274 -283 799
-271 534 323
-483 -923 852
-877 633 677
432 -385 719
196 151 -869
766 -68 -69
-564 650 -490
-961 295 -905
984 -204 492
359 482 705
-812 82 -46
-198 -834 510
368 734 -989
-636 -703 -20
-402 -54 -686
838 575 307
185 -175 215
232 172 -924
-640 -100 -961
397 103 -112
398 444 -423
394 -975 856
-108 176 -742
874 856 870
75 -217 -207
-520 -335 -424
-8 775 -346
-419 144 711
-56 592 -135
413 635 978
-135 -972 313
-868 453 238
-601 -347 749
-644 869 -648
-665 -854 131
124 983 302
-162 -454 299
-812 -58 461
-201 283 -681
-917 906 688
853 122 511
-18 -772 -723
-516 -156 -807
-979 234 274
-96 -690 518
-564 -234 -244
-405 86 -603
-852 -224 942
209 -269 831
374 118 954
-394 944 -581
433 407 -610
539 482 -634
-963 -956 -11
801 149 -736
-179 990 931
616 866 -544
-280 -65 -62
982 -6 230
779 -555 -628
608 -558 -346
-999 -918 195
-940 -844 -462
626 69 -499
96 -603 793
-279 73 238
379 143 -879
89 -444 129
157 -296 537
684 498 -256
-699 226 -675
-463 -757 -766
756 -736 -499
-355 225 -978
214 -827 893
307 -710 880
-792 710 -599
-737 452 608
-53 -284 -60
-24 -713 806
889 452 685
-321 256 933
-580 -129 281
986 413 -594
-985 382 -659
-462 548 -26
-781 709 -446
16 593 812
409 -540 -380
-886 951 -369
46 876 -395
-508 -42 424
-107 -486 -55
747 -671 -996
-225 -342 812
744 622 394
-27 -926 457
-607 41 343
499 -257 979
830 -474 -434
-596 995 -153
740 -734 -666
643 210 182
411 502 -714
-967 891 158
-325 -792 423
-328 -969 449
445 -132 414
13 -841 -916
-61 -712 823
-286 -759 195
94 983 -960
-932 -997 -840
-560 394 -35
621 868 639
101 -648 -916
461 757 -550
651 -342 259
-872 950 657
-593 383 725
932 -860 183
343 776 -250
-643 727 840
6 310 319
922 943 -378
936 -695 -74
126 -393 -429
-202 -708 136
-267 810 23
-203 792 -363
487 660 316
-580 686 408
-30 -855 -617
244 235 -346
-111 -859 137
-56 4 -80
-176 -431 -531
355 -119 643
483 999 444
685 385 -47
410 -1 -99
-326 -419 -13
512 814 113
242 -149 681
227 342 -786
-506 -42 -569
713 -778 873
-73 -54 550
-32 705 543
954 -669 782
116 -406 -171
1 -250 348
770 370 -602
978 -152 -690
-445 310 -351
382 -435 441
91 -221 -672
-893 -116 130
251 -847 180
634 -888 -604
724 14 365
-332 -866 -873
407 -958 61
831 -217 -855
-394 932 -885
871 606 344
909 -788 -992
-772 -942 816
-581 73 227
759 -757 586
-970 -682 -116
-543 686 -981
-318 610 -414
454 13 -295
-715 553 -818
926 -839 -452
225 725 -272
-158 -51 887
-707 32 -654
-335 860 853
738 -800 -207
639 -794 -753
-476 145 -419
-613 -818 -342
-116 606 766
-817 769 -717
23 882 -140
471 -756 -570
-672 369 112
22 836 -491
183 296 -399
726 53 -524
-407 442 -653
-521 -403 -818
-460 -827 -628
-923 73 -686
148 -368 -315
-671 -616 -773
349 392 243
-219 332 -377
573 634 -374
308 -947 344
493 -710 759
240 -453 -146
-741 -755 446
94 1000 -75
-237 -935 182
202 219 -840
-299 564 422
-427 -177 -574
88 612 738
68 234 -892
-3 -695 -679
526 40 -647
-103 385 651
-440 -561 887
146 -187 897
-795 348 -79
-927 -217 -102
-160 -945 -436
772 560 -375
-956 -998 419
711 -985 495
-794 585 314
755 311 -958
-841 93 830
70 451 709
119 674 294
-117 -188 353
-9 63 -708
544 453 -303
-428 42 -762
933 830 694
293 -817 696
-161 381 -210
408 726 366
-963 -142 -558
226 868 -277
-302 780 -453
994 -68 404
-892 -528 708
484 331 -931
-548 982 -799
254 -365 8
-375 -139 -162
790 941 377
-379 220 -573
-649 33 -16
675 477 582
-716 574 -396
-200 298 -198
243 301 -407
-815 -751 -420
972 686 710
-36 -893 -390
39 -447 -315
-651 -864 22
-257 -904 -795
5 663 -690
-77 305 570
942 -665 673
475 -517 -732
-82 -877 372
926 851 87
-126 -497 -762
-582 -215 207
-644 -16 -471
-60 -722 -956
515 -322 -261
209 -832 26
673 856 -781
841 314 -576
-505 -253 603
-703 -431 790
395 -263 -713
-362 851 805
-959 63 -259
862 380 739
43 -408 -506
29 200 -429
-356 706 -482
-32 -503 -866
525 880 -828
215 295 695
550 338 435
202 247 637
-217 395 399
942 777 -149
907 -340 560
574 -418 468
610 556 856
-304 -140 291
-528 -223 -272
-280 541 700
397 -189 740
371 -607 732
86 -229 -48
-151 -800 444
-664 622 -62
86 630 -729
-775 454 609
325 625 -221
340 -399 -489
823 -80 -664
290 -876 -34
804 705 -645
152 -579 -251
466 773 824
-624 -360 61
669 826 -154
-955 -877 -972
319 380 -577
225 -792 237
21 -949 802
-738 935 -928
601 986 404
206 435 -817
-106 -841 -698
-784 -736 -684
768 -178 702
812 -714 -614
463 -626 840
-860 -147 -934
-486 -597 879
-287 389 -235
590 34 618
-934 -406 736
754 100 482
-910 693 -669
859 12 -496
-179 328 655
-708 551 959
-661 856 -76
659 300 -158
-161 922 -924
-20 -513 -377
-484 -437 -348
-798 652 320
-40 803 729
142 971 -369
466 106 313
731 -223 974
466 -859 -334
-792 -550 331
928 -568 909
163 989 709
289 805 -702
555 -958 277
-885 -41 -687
464 353 -835
976 490 -178
323 155 844
509 709 -571
212 252 453
228 940 -900
55 976 -137
307 -65 -97
-104 957 328
550 -767 -50
133 289 -652
-912 188 -959
301 -54 267
81 -766 -487
837 -815 775
37 352 -876
-865 237 295
951 -158 -586
335 -153 -673
-402 943 -385
480 -158 724
-453 -975 -420
-73 -674 161
-576 317 -918
286 10 934
-624 730 -281
-709 624 316
-248 -814 -576
799 -395 -119
706 -544 -56
-756 -54 205
-838 -349 -152
663 -654 626
745 -758 272
787 932 -24
222 501 651
480 -756 335
722 -173 459
408 350 -617
287 197 -509
493 575 754
-540 -372 63
160 323 545
78 -883 -106
347 102 -430
63 -292 -43
991 -374 576
-340 222 -800
381 -968 -218
-110 -232 -407
342 748 919
-298 275 302
-212 -278 669
476 685 758
767 -974 949
729 -725 -965
145 -282 607
998 -324 -740
796 -380 352
97 -820 -935
-75 353 39
27 -233 -301
-120 982 762
-352 -700 -755
-414 -618 -628
-671 -654 332
772 514 719
-185 717 444
270 -234 -619
145 934 -98
-716 -46 908
-801 -18 429
487 -474 683
695 112 -800
-274 77 -185
-657 480 -247
25 855 -505
-206 -369 -190
-488 -710 153
109 740 -777
-420 -123 -275
378 930 -710
-49 -200 237
-24 745 -941
225 114 -626
851 -523 -85
-666 774 -129
-407 -265 -998
598 482 351
50 436 623
-527 -872 399
-291 423 -773
-638 838 493
-411 59 -237
-625 59 967
-934 -848 -377
695 -835 824
-723 160 281
146 -415 386
-205 5 421
-542 -347 -722
223 -50 36
141 -276 638
569 -845 -508
946 -499 364
514 -102 -650
-300 690 438
-691 853 424
637 -394 -685
-168 421 415
-357 425 -222
-167 897 290
388 -747 -271
706 -262 269
-830 891 -452
-800 651 584
853 -199 -976
499 913 -749
757 910 381
-873 -986 -924
-965 -553 454
688 392 -419
865 801 780
65 231 -638
-472 -367 63
-24 730 -434
-87 339 -298
593 -729 165
-11 -438 2
721 941 306
-816 443 818
-480 -74 -963
115 203 -977
792 -185 704
810 574 -927
574 -425 -41
313 -609 816
-268 -55 752
-898 -976 313
262 -917 -901
-888 -897 -503
524 433 775
400 -426 -979
303 72 317
-655 395 -859
-877 543 357
-483 -117 626
542 -874 -598
-771 794 -852
-784 -795 -461
223 161 686
966 971 -64
170 -969 35
-549 -469 935
120 240 -322
-267 693 -313
952 -165 -295
134 -881 -767
528 433 -678
-744 203 110
-876 539 563
979 -533 -299
-969 -523 -814
-268 -375 21
-350 -321 179
-539 322 -234
500 -145 991
-154 -382 -236
-697 505 180
374 -546 802
760 -442 677
336 -285 216
315 -789 -547
-725 845 -465
255 -531 -845
-868 -305 906
-765 -215 -669
411 54 -388
352 -904 25
-643 -724 -960
550 175 -713
73 -359 -884
821 530 368
-765 -687 757
-233 397 -563
414 694 997
976 -765 165
-149 206 -118
703 3 556
896 449 -660
-525 -262 -708
833 865 653
338 581 -353
-689 -573 -948
-274 -417 -883
420 -337 149
-569 -337 655
-572 -150 -998
816 -497 330
-766 329 69
729 946 360
159 871 1000
-663 -218 698
96 -300 393
345 -386 167
-99 883 175
-582 81 -932
726 874 -626
524 231 961
-281 538 -922
458 705 692
-186 -196 -733
820 -396 -702
1000 -894 352
-609 516 -797
118 273 113
-362 -715 -45
150 -42 -665
-598 -900 -755
-350 61 961
-375 689 -680
266 -703 -167
-495 445 -128
511 -424 724
-426 -200 991
184 -3 477
-630 -172 -157
-847 -606 595
-523 469 -816
-912 -338 853
169 -494 934
158 -811 -6
-122 760 -275
-636 493 -684
-303 915 56
670 -857 -372
-825 88 930
316 640 -54
-381 -903 -991
-712 289 569
661 -30 550
821 -713 -33
295 -247 870
-661 198 120
785 695 -771
755 -166 -616
653 -461 -601
770 757 -198
367 152 -990
-953 -477 940
631 -321 23
-186 454 -476
-403 769 -486
-997 -544 -230
638 -570 810
-882 -553 844
-98 -147 748
-574 668 940
617 -915 -336
-606 -262 861
436 -88 898
-691 315 979
-694 -813 661
-739 268 130
-301 -535 -451
679 824 -710
-322 -140 -643
-776 402 -43
-795 544 -867
67 400 115
672 746 -186
926 330 316
-382 154 136
931 -37 842
674 -848 416
664 814 460
-397 901 41
-53 93 -912
694 -333 833
991 339 -925
-4 -283 487
-934 410 986
-37 833 331
872 -858 -552
-98 144 -875
317 -586 219
-952 -13 -296
-765 271 384
-14 -445 -165
793 194 -380
-207 -546 -75
-524 183 7
696 -80 -930
478 -839 -954
-117 671 615
657 213 621
-850 998 -496
-357 124 918
326 540 -222
-502 -61 831
-414 -38 622
907 -833 -978
-848 124 -561
-6 -943 -206
-804 -644 333
548 -791 476
-83 -497 209
574 -717 182
249 -194 -540
440 565 760
-921 -197 396
-330 513 474
-978 -712 33
177 657 644
-361 -569 -966
929 -675 717
-573 -706 -778
-396 -975 -353
254 -590 861
189 -695 608
243 959 -33
323 -841 -419
-909 566 620
330 735 -562
-900 -81 -230
100 -195 364
134 -959 -973
864 -845 -692
-422 -303 -55
272 -655 42
802 -530 883
-907 104 -352
129 -648 969
991 -555 835
123 81 550
425 -837 156
27 358 888
-173 970 298
-234 -919 -208
219 -233 -954
-837 -178 -432
419 -795 830
-524 -372 -598
-74 -893 -731
723 86 -169
832 601 -217
-881 -358 291
-626 -775 262
892 650 698
645 -211 -86
449 897 337
-873 -568 504
220 296 32
290 211 -602
858 557 516
528 413 -990
-329 -876 910
753 -224 -7
-362 116 840
16 915 -766
355 -342 130
-123 -356 310
44 -704 -216
723 -744 -700
977 311 668
-88 95 -715
168 -325 -390
72 488 467
243 -313 594
837 636 213
-916 -360 -881
-441 534 -492
766 221 748
-197 -217 -862
-833 419 165
557 -51 -901
-317 751 -464
722 -603 -37