2024
377 373 268 364 865 708 61 844 30 731 496 52 767 879 673 714 273 45 316 566 490 898 689 358 827 729 312 856 500 228 647 395 304 728 933 481 404 172 904 401 80 386 790 139 150 781 996 559 461 391 169 733 610 605 126 163 370 885 889 959 697 41 821 571 630 648
792 294 845 100 419 955 422 348 952 382 475 876 33 410 586 654 882 963 213 442 655 90 506 749 900 34 44 352 788 642 202 929 371 533 113 562 129 927 864 567 937 592 124 614 181 495 620 636 347 594 8 758 35 718 896 954 617 676 216
846 305 355 148 441 851 227 131 263 186 674 768 320 581 77 430 786 950 849 599 122 746 272 932 538 663 841 501 759 721 922 97 546 212 420 78 693 156 75 980 564 878 310 902 225 983 775 136 247 15 797 7 825 450 921 652 545 424 309 367 46 818 73
412 251 413 473 660 629 159 259 623 814 220 691 22 524 128 942 892 920 891 748 471 254 38 192 463 96 507 406 242 244 837 974 597 394 250 161 117 210 168 31 606 449 682 265 292 301 293 446 4
396 452 23 624 664 322 646 772 42 684 532 152 611 919 958 823 5 989 153 328 548 487 489 626
21 665 635 615 132 593 200 112 943 779 144 460 957 984 10 803 266 649 834 332 575 448 2 905 725 381 764 50 670 985 454 236 857 98 366 541 880 345 374 435 453 631 681 949 55 439 207 677 405 608 36 948 999 769 105 166 961 843 372 527 988 333 239 361 193 388 534 409 796 104 246 925 37 734 794 761 554 783 19 915 923 651 640 930 270 863 432 164 11 800 492 577 686 64
997 502 49 543 336 417 158 106 178 727 327 738 695 425 802 866 578 544 639 241 743 295 914 67 780 966 324 229 589 867 706 243 203 436 497 356 82 426 868 756 376 24 870 547 514 325 493 887 484 602 911 730 622 975 464 277 480 679 632 0 205 745 661 754 147 576 901 811 6 290 584 799 839 977 486 339 71 175 231
223 579 416 162 947 474 340 341 12 680 431 720 644 365 570 735 289 380 956 369 951 667 847 826 820 400 516 982 940 990 765 585 337 912 535 634 853 757 774 852 724 704 658 276 423 542 569 528 171 723 941 57 390 321 214 123 793 428 256 678 928 791 218 476 226 469 568 39 907 194 68 694 750 351 407 95 303 817
607 465 531 285 993 233 713 462 998 130 572 981 145 553 116 219 445 627 669 511 447 850 306 831 587 637 191 402 874 209 515 458 701 645 705 444 854 384 836 890 323 770 698 279 641 766 437 346 195 747 842
201 736 601 468 962 149 595 271 418 349 167 319 653 343 522 992 362 918 621 291 357 924 17 267 491 875 143 211 137 946 283 427 16 230 280 222 29 633 888 549 26 142 828 795 260 359 855 91
237 485 741 583 722 537 344 936 298 801 70 609 812 134 470 108 187 335 798 643 860 590 965 434 530 784 59 771 840 525 27 269 685 717 540 314 66 85 467 815 591 385 939 72 47 762 173 238 938 252 456
563 483 804 54 360 499 688 79 302 53 972 711 672 353 917 618 994 101 558 457 109 931 89 832 387 368 710 557 296 744 970 282 48 125 141 182 88 657 807 556 916 505 675 110 253 976 521 813 183 234 580 438 550 830 526 763 986 935 20 76 3 421 662
692 498 737 14 177 824 909 248 208 127 255 603 215 56 184 604 858 151 861 883 198 300 87 782 350 140 719 573 944 392 135 903 716 638 275 354 752
696 806 160 399 995 565 330 785 311 539 683 297 776 833 74 221 472 787 777 287 894 408 455 114 886 69 873 987 551 809 908 204 690 121 482 84 753 9 107 964 732 318 63 899 188 699 671 913 960 709 910 338 199 466 953 18 13 65 451 848 217 509 232 702 517 715 315 906 262 666 103 240 257 552 819 816 523 519 429 189 176 520 504 789
479 881 443 440 264 157 616 383 378 973 86 596 838 884 92 81 284 712 805 274 115 978 871 206 99 494 742 235 190 317 196 529 261 286 968 379 687 877 334 32 926 307 326 760 102 969 700 111 513 155 477 119 414 934 488 258
822 411 619 403 869 154 224 478 773 991 518 503 945 342 43 1 656 555 740 329 459 739 510 363 508 58 25 897 560 185 574 829 751 28 83 415 703 249 967 120 628 397 582 536 308 588 197 133 51 625 612 389 299 859 138 165
180 281 375 118 561 893 93 808 755 288 862 600 659 971 668 613 278 872 512 598 313 707 778 398 146 40 245 393 433 979 810 650 94 726 179 60 835 331 174 170 895 62