200
15
50 -168 887
921 -536 -973
-863 -960 523
357 -411 -259
-453 977 848
603 657 381
-434 625 -495
171 310 498
-749 749 -673
888 -642 421
838 -440 -354
529 -989 115
122 222 735
-685 -21 334
304 977 900
-24 -916 622
-63 -666 525
-649 794 -768
-578 -314 249
-250 877 388
-876 131 -128
-345 -71 136
848 693 744
-657 274 -325
-104 -906 -911
-594 470 -73
-977 -329 -372
-345 764 -79
979 26 -130
934 411 124
429 935 822
-703 607 547
395 253 -975
-365 759 -498
642 452 928
-580 613 469
-582 1000 481
-508 972 921
-938 781 -930
-258 67 -699
601 240 -519
372 768 -294
237 198 476
-113 -364 -369
159 -880 518
395 -509 -238
-731 -971 279
599 -772 137
-146 -598 367
66 755 -425
-170 244 473
776 -303 670
743 -949 953
-289 -362 -760
872 755 585
-626 858 567
-895 806 -842
-327 684 479
-593 892 -991
-832 615 659
-842 -949 -127
-894 -433 -272
-27 870 615
268 -468 27
-717 -221 485
942 -271 471
184 48 418
32 503 -65
793 -867 -493
-662 573 -854
-59 -340 -556
-343 545 351
-783 -907 -46
859 398 108
-743 72 173
400 -304 211
741 282 255
278 682 157
515 -620 624
-685 -320 505
293 -453 -824
118 -976 -799
-806 511 231
114 -693 19
-756 284 874
-107 -992 159
696 -671 -740
-194 -375 340
-269 -629 -975
-791 -522 -490
-371 61 257
-722 387 648
-578 -505 647
-588 -44 -276
304 129 491
305 -702 919
364 651 -385
-984 330 884
381 -309 845
-994 -979 163
891 555 -636
411 84 73
398 834 383
-552 330 -703
212 -522 -57
-899 -156 -839
227 -957 -506
289 261 -229
644 -378 647
673 361 954
-149 -524 513
-148 -781 -258
830 -535 717
134 297 61
479 774 -743
2 403 185
168 -21 549
-482 -55 -83
-579 474 -174
-242 417 -85
-680 -693 -824
586 830 -764
-162 490 -983
-115 1000 -493
-972 917 204
76 -45 131
92 -633 768
188 -742 -895
30 662 648
216 -462 550
481 681 -718
-625 -866 -256
-18 -825 498
146 -899 554
72 -187 664
-606 227 283
964 -286 449
202 416 -869
-666 681 417
421 -110 -322
485 -4 683
627 628 178
-6 -84 630
-559 -363 353
554 581 525
575 549 -636
955 779 -427
-534 768 -677
-207 -308 -778
-908 729 -708
-941 671 -180
-470 274 930
-463 802 -119
680 -184 284
-40 727 408
684 -328 210
275 817 642
759 -329 29
-242 -202 478
617 447 257
-727 -180 -587
854 -815 709
-658 424 -668
879 -713 272
-636 -826 946
107 40 611
-587 -9 22
-964 -721 843
-122 -510 -558
865 377 -50
589 768 672
995 257 -178
104 -744 -858
-851 -460 -556
-948 -535 -536
-888 -328 121
-53 125 340
-439 -388 176
-987 -70 -818
-398 832 -578
806 -802 -820
-760 -600 -814
-336 -820 943
-65 890 -427
177 -272 772
867 824 975
846 982 391
462 -532 9
-48 64 133
-853 -270 335
468 -274 822
-995 -867 355
409 -789 201
-726 508 -524
938 -748 799
716 106 240
-385 -815 466
839 206 643
-182 -909 -934
-741 779 -569